4.36893 3.099e-05
32.5049
32.8148
33.1247
31.0446
31.3545
29.2844
27.2043
27.5142
27.8241
25.754
26.0639
23.9938
24.3037
24.6136
22.5335
22.8434
20.7733
21.0832
19.0031
16.933
14.8529
15.1628
15.4727
15.7826
13.7125
11.6424
9.5623
9.8722
10.1821
10.492
8.4219
3.9618
4.2717
4.5816
4.8915
2.8114
3.1213
3.4312
3.7411
4.051
4.3609
2.2908
2.6007
0.5306
0.8405
1.1504
1.4603
1.7702
2.0801
-1.9607e-12
2.0701
1.7602
3.8403
3.5304
3.2205
2.9106
4.9807
4.6708
6.7409
6.431
6.1211
5.8112
5.5013
5.1914
4.8815
4.5716
6.6517
6.3418
6.0319
8.102
7.7921
7.4822
9.5623
9.2524
8.9425
11.0126
10.7027
10.3928
10.0829
9.773
9.4631
9.1532
8.8433
8.5334
8.2235
7.9136
7.6037
9.6838
9.3739
9.064
8.7541
8.4442
8.1343
10.2044
9.8945
9.5846
9.2747
8.9648
8.6549
8.345
8.0351
7.7252
7.4153
7.1054
9.1755
8.8656
8.5557
8.2458
7.9359
7.626
9.7061
9.3962
9.0863
8.7764
8.4665
8.1566
7.8467
7.5368
7.2269
6.917
6.6071
6.2972
5.9873
5.6774
5.3675
5.0576
7.1277
6.8178
6.5079
6.198
5.8881
5.5782
5.2683
4.9584
4.6485
4.3386
4.0287
3.7188
3.4089
3.099
2.7891
2.4792
2.1693
1.8594
1.5495
1.2396
0.9297
0.6198
0.3099
-5.74985e-15
0.3099
0.6198
0.9297
1.2396
1.5495
1.8594
2.1693
2.4792
2.7891
3.099
3.4089
3.7188
4.0287
4.3386
4.6485
4.9584
5.2683
3.1882
3.4981
3.808
4.1179
4.4278
4.7377
5.0476
5.3575
5.6674
5.9773
6.2872
6.5971
6.907
7.2169
7.5268
7.8367
5.7666
6.0765
6.3864
6.6963
7.0062
7.3161
7.626
7.9359
8.2458
8.5557
8.8656
9.1755
9.4854
9.7953
10.1052
10.4151
10.725
