4.66834 2.14775e-05
3.77604
3.56126
3.34649
3.13171
2.91694
2.70216
4.87739
4.66261
4.44784
4.23306
4.01829
6.18351
5.96874
5.75396
5.53919
5.32441
5.10964
4.89486
4.68009
4.46532
4.25054
4.03577
3.82099
3.60622
3.39144
3.17667
2.96189
2.74712
2.53234
2.31757
2.10279
1.88802
1.67324
1.45847
1.24369
1.02892
0.814144
0.599369
0.384595
0.16982
0.044955
0.25973
0.474505
0.689279
0.904054
1.11883
1.0564
0.841622
0.626847
0.412072
0.197297
0.0174775
0.232252
0.447027
0.661802
0.876577
1.09135
1.30613
1.5209
0.644324
0.42955
0.214775
2.4729e-12
0.214775
0.42955
0.644324
0.859099
1.07387
1.28865
1.50342
1.7182
1.93297
2.14775
2.36252
2.5773
2.79207
3.00685
3.22162
3.4364
1.26117
1.47595
1.69072
1.9055
2.12027
2.33505
2.54982
2.76459
2.97937
3.19414
3.40892
3.62369
3.83847
4.05324
4.26802
4.48279
2.31757
2.53234
2.74712
2.96189
3.17667
3.39144
3.60622
3.82099
4.03577
4.25054
4.46532
4.68009
4.89486
5.10964
5.32441
3.15919
3.37396
3.58874
3.80351
4.01829
4.23306
4.44784
4.66261
4.87739
5.09216
2.91694
3.13171
0.966486
1.18126
1.39604
1.61081
1.82559
2.04036
0.134865
0.0799099
0.294685
0.509459
1.65577
1.44099
1.22622
1.01144
0.796667
0.581892
0.367117
0.152342
0.0624324
0.277207
0.491982
0.706757
0.921532
1.13631
1.35108
0.814144
0.599369
0.384595
0.16982
0.044955
0.25973
0.474505
0.689279
0.904054
1.27117
1.0564
0.841622
0.626847
0.412072
0.197297
0.0174775
0.232252
0.447027
0.661802
0.876577
1.28865
1.07387
0.859099
0.644324
0.42955
0.214775
0
2.17523
1.96045
1.74568
1.5309
3.69613
3.48135
3.26658
3.0518
2.83703
2.62225
2.40748
4.5827
4.36793
4.15315
3.93838
3.7236
3.50883
3.29405
3.07928
5.2445
5.02973
4.81495
4.60018
6.76541
6.55063
8.72586
