Normal distribution 10
E
 [0.010232, 0.018196, 0.010349, 0.32143, 0.286511]
D
 [0.095907, 0.135498, 0.183128, 0.119274, 0.1099]
E_minus_D
 [-0.299457, -0.349905, -0.417586, -0.02393, -0.0449999]
E_plus_D
 [0.319921, 0.386297, 0.438284, 0.66679, 0.618022]
Normal distribution 100
E
 [0.003579, 0.002227, -0.013121, 0.018929, 0.029441]
D
 [0.009892, 0.014703, 0.091264, 0.012078, 0.011253]
E_minus_D
 [-0.095877, -0.119029, -0.31522, -0.09097, -0.076639]
E_plus_D
 [0.103035, 0.123483, 0.288978, 0.128828, 0.135521]
Normal distribution 1000
E
 [0.000983, 0.000326, -0.006743, 0.00385, 0.004204]
D
 [0.000933, 0.001513, 0.064184, 0.001192, 0.00116]
E_minus_D
 [-0.029558, -0.038566, -0.260088, -0.030672, -0.029852]
E_plus_D
 [0.031524, 0.039218, 0.246602, 0.038372, 0.03826]


Cauchy distribution 10
E
 [0.653013, -0.014515, 3.409553, 1.074588, 0.657709]
D
 [104.601594, 0.34787, 2451.630945, 3.7181, 0.993591]
E_minus_D
 [-9.574479, -0.60432, -46.104394, -0.853649, -0.339081]
E_plus_D
 [10.880505, 0.575290, 52.923500, 3.002826, 1.654499]
Cauchy distribution 100
E
 [5.618888, -0.004478, 282.391247, 0.022293, 0.034043]
D
 [17419.258926, 0.023936, 43556389.474686, 0.052636, 0.025721]
E_minus_D
 [-126.363152, -0.159191, -6317.335223, -0.207132, -0.126335]
E_plus_D
 [137.600928, 0.150235, 6882.117717, 0.251718, 0.194421]
Cauchy distribution 1000
E
 [1.054504, -0.000892, 522.577434, 0.000884, 0.002404]
D
 [2527.229116, 0.002599, 628236126.30319, 0.004797, 0.002624]
E_minus_D
 [-49.21705, -0.051875, -24542.061528, -0.068379, -0.048823]
E_plus_D
 [51.326058, 0.050091, 25587.216396, 0.070147, 0.053631]


Poisson distribution 10
E
 [10.077, 9.9545, 10.401, 10.9955, 10.835667]
D
 [1.043651, 1.49268, 1.973199, 1.42673, 1.312717]
E_minus_D
 [9.055408, 8.732747, 8.99629, 9.801042, 9.689928]
E_plus_D
 [11.098592, 11.176253, 11.805706, 12.189958, 11.981406]
Poisson distribution 100
E
 [9.98639, 9.8205, 10.959, 9.954, 9.92078]
D
 [0.09173, 0.19353, 1.009319, 0.143384, 0.108617]
E_minus_D
 [9.683521, 9.380580, 9.954351, 9.575339, 9.59121]
E_plus_D
 [10.289259, 10.26042, 11.963649, 10.332661, 10.250350]
Poisson distribution 1000
E
 [9.997453, 9.999, 11.6285, 9.995, 9.865078]
D
 [0.0092, 0.000999, 0.689738, 0.002475, 0.010254]
E_minus_D
 [9.901535, 9.967393, 10.797995, 9.945251, 9.763817]
E_plus_D
 [10.093371, 10.030607, 12.459005, 10.044749, 9.966339]


Uniform distribution 10
E
 [-0.015273, -0.019191, -0.003179, 0.30327, 0.29953]
D
 [0.094209, 0.214514, 0.043017, 0.117182, 0.144624]
E_minus_D
 [-0.322209, -0.482348, -0.210584, -0.039049, -0.080765]
E_plus_D
 [0.291663, 0.443966, 0.204226, 0.645589, 0.679825]
Uniform distribution 100
E
 [0.003447, 0.002554, -0.001096, 0.022267, 0.03982]
D
 [0.009041, 0.0266, 0.000546, 0.013745, 0.017917]
E_minus_D
 [-0.091637, -0.160542, -0.024465, -0.094971, -0.094035]
E_plus_D
 [0.098531, 0.16565, 0.022273, 0.139505, 0.173675]
Uniform distribution 1000
E
 [-0.0001, 0.000955, 7.1e-05, 0.000932, 0.003488]
D
 [0.001001, 0.003098, 6e-06, 0.001452, 0.002022]
E_minus_D
 [-0.031741, -0.054708, -0.00238, -0.037179, -0.041474]
E_plus_D
 [0.031541, 0.056618 0.002522, 0.039043, 0.04845]



Process finished with exit code 0
